uptime,mpss_shutdowns,mpss_active,ack_out,ack_in,pwr_in,rpm_ctr,rmnet1_rx,rmnet1_tx,load1
44611.52,0x2e8e,,6087,6510,6088,0x27439B80,9637,19052,3.43
44641.58,0x2e8e,,6089,6512,6090,0x274731E0,9637,19352,3.34
44671.65,,0x1,6091,6514,6092,0x274A5820,9637,19652,3.20
44701.72,0x2e8e,,6093,6516,6094,0x274DF580,9637,19952,3.28
44731.80,0x2e8e,,6095,6518,6096,0x275172E0,9637,20252,3.17
44761.88,0x2e8e,,6099,6522,6100,0x275498C0,9709,20632,3.25
44791.95,0x2e8e,,6101,6524,6102,0x2757DE00,9709,20932,3.21
44822.03,0x2e8e,,6103,6526,6104,0x275B78A0,9709,21232,3.37
44852.10,0x2e8e,,6105,6528,6106,0x275ECBE0,9709,21532,3.22
44882.18,0x2e8e,,6107,6530,6108,0x27625A20,9709,21832,3.19
44912.27,0x2e8e,,6108,6531,6109,0x2765B780,9709,22132,3.25
44942.34,0x2e8e,,6110,6533,6111,0x276925E0,9709,22432,3.37
44972.42,0x2e8e,,6112,6535,6113,0x276C46E0,9709,22632,3.45
45002.49,0x2e8e,,6114,6537,6115,0x276FDC40,9709,22832,3.54
45032.57,0x2e8e,,6115,6538,6116,0x27732DA0,9709,23032,3.54
45062.65,0x2e8e,,6117,6540,6118,0x27767AE0,9709,23332,3.44
45092.72,0x2e8e,,6119,6542,6120,0x27798D20,9709,23632,3.45
45122.80,0x2e8e,,6121,6544,6122,0x277D7960,9709,23932,3.39
45152.89,0x2e8e,,6123,6546,6124,0x27810AE0,9709,24232,3.44
45182.97,0x2e8e,,6125,6548,6126,0x27847900,9709,24532,3.26
