142|142 0 0 1 0 0 1 146 72 72 72 72 24 1719.48 61245
143|143 1 1 1 0 0 0 146 73 72 73 72 24 1764.44 0
144|144 0 0 1 0 0 1 1323 73 73 73 73 24 1773.67 13
145|145 1 1 1 0 0 0 1323 74 73 74 73 24 1797.17 0
146|146 0 0 1 0 0 1 1425 74 74 74 74 24 1801.38 17
146|146 0 0 1 0 0 1 1425 74 74 74 74 24 1870.62 69258
147|147 1 1 1 0 0 0 1425 75 74 75 74 24 1888.33 0
149|149 1 1 1 0 0 0 1426 76 75 76 75 24 1890.56 0
150|150 0 0 1 0 0 1 1427 76 76 76 76 24 1892.62 3
151|151 1 1 1 0 0 0 1427 77 76 77 76 24 1893.64 0
152|152 0 0 1 0 0 1 1428 77 77 77 77 24 1895.68 9
153|153 1 1 1 0 0 1 1428 78 77 78 77 24 1920.70 0
154|154 0 0 1 0 0 1 1429 78 78 78 78 24 1922.94 11
154|154 0 0 1 0 0 1 1429 78 78 78 78 24 1992.15 69216
154|154 0 0 1 0 0 1 1429 78 78 78 78 24 2061.48 138547
154|154 0 0 1 0 0 1 1429 78 78 78 78 24 2130.80 207869
155|155 1 1 1 0 0 0 1429 79 78 79 78 24 2152.04 0
156|156 0 0 1 0 0 1 1430 79 79 79 79 24 2154.25 5
157|157 1 1 1 0 0 0 1430 80 79 80 79 24 2155.27 0
158|158 0 0 1 0 0 1 1431 80 80 80 80 24 2157.33 9
159|158 1 1 1 0 0 1 1431 81 80 81 80 24 2159.33 0
160|160 0 0 1 0 0 1 1432 81 81 81 81 24 2161.41 2
161|161 1 1 1 0 0 0 1432 82 81 82 81 24 2190.46 0
162|162 0 0 1 0 0 1 1433 82 82 82 82 24 2192.70 28
162|162 0 0 1 0 0 1 1433 82 82 82 82 24 2262.10 69422
162|162 0 0 1 0 0 1 1433 82 82 82 82 24 2331.34 138664
163|163 1 1 1 0 0 0 1433 83 82 83 82 24 2339.52 0
164|164 0 0 1 0 0 1 1448 83 83 83 83 32 2342.05 15
165|165 1 1 1 0 0 0 1448 84 83 84 83 32 2353.44 0
166|166 0 0 1 0 0 1 1448 84 84 84 84 32 2355.44 14
167|167 1 1 1 0 0 0 1448 85 84 85 84 32 2418.78 0
168|168 0 0 1 0 0 1 1449 85 85 85 85 32 2421.88 4
169|169 1 1 1 0 0 0 1449 86 85 86 85 32 2454.92 0
170|170 0 0 1 0 0 1 1450 86 86 86 86 32 2457.12 4
170|170 0 0 1 0 0 1 1450 86 86 86 86 32 2526.50 69382
170|170 0 0 1 0 0 1 1450 86 86 86 86 32 2595.66 138543
170|170 0 0 1 0 0 1 1450 86 86 86 86 32 2665.06 207940
171|171 1 1 1 0 0 0 1450 87 86 87 86 32 2682.24 0
172|172 0 0 1 0 0 1 1451 87 87 87 87 32 2684.42 2
173|173 1 1 1 0 0 0 1451 88 87 88 87 32 2694.44 0
174|174 0 0 1 0 0 1 1452 88 88 88 88 32 2696.53 3
175|175 1 1 1 0 0 0 1452 89 88 89 88 32 2701.54 0
176|176 0 0 1 0 0 1 1453 89 89 89 89 32 2703.61 14
177|177 1 1 1 0 0 0 1453 90 89 90 89 32 2714.62 0
178|178 0 0 1 0 0 1 1454 90 90 90 90 32 2716.83 14
178|178 0 0 1 0 0 1 1454 90 90 90 90 32 2785.38 68559
178|178 0 0 1 0 0 1 1454 90 90 90 90 32 2854.65 137834
178|178 0 0 1 0 0 1 1454 90 90 90 90 32 2923.09 206275
179|179 1 1 1 0 0 0 1454 91 90 91 90 32 2950.04 0
180|180 0 0 1 0 0 1 1455 91 91 91 91 32 2952.25 16
181|181 1 1 1 0 0 1 1455 92 91 92 91 32 2953.24 0
182|182 0 0 1 0 0 1 1456 92 92 92 92 32 2955.33 16
183|183 1 1 1 0 0 0 1456 93 92 93 92 32 2971.35 0
185|185 1 1 1 0 0 0 1457 94 93 94 93 32 2973.58 0
186|186 0 0 2 0 0 1 1472 95 95 95 95 40 2979.23 15
187|187 1 1 2 0 0 0 1472 96 95 96 95 40 2993.44 0
188|190 0 0 2 0 0 1 1497 97 97 97 97 40 3004.91 12
189|191 1 1 2 0 0 0 1497 98 97 98 97 40 3005.71 0
190|192 0 0 2 0 0 1 1588 98 98 98 98 40 3014.14 24
191|193 1 1 2 0 0 0 1588 99 98 99 98 40 3014.42 0
192|194 0 0 2 0 0 1 1608 99 99 99 99 40 3023.29 4
193|195 1 1 2 0 0 0 1608 100 99 100 99 40 3025.53 0
194|196 0 0 2 0 0 1 1642 100 100 100 100 40 3032.71 19
195|197 1 1 2 0 0 1 1642 101 100 101 100 40 3036.42 0
196|198 0 0 2 0 0 1 1642 101 101 101 101 40 3037.68 10
197|199 1 1 2 0 0 0 1642 102 101 102 101 40 3040.53 0
198|200 0 0 2 0 0 1 1642 102 102 102 102 40 3041.78 11
199|201 1 1 2 0 0 0 1642 103 102 103 102 40 3043.59 0
200|202 0 0 2 0 0 1 1642 103 103 103 103 40 3045.87 9
201|203 1 1 2 0 0 0 1642 104 103 104 103 40 3046.44 0
201|203 1 1 2 0 0 0 8329 104 103 104 103 40 3116.89 0
