287 299 1 1 1 0 0 0 227419 151 150 151 150 32|2140.00 0 2140.00
287 299 1 1 1 0 0 0 227420 151 150 151 150 32|2140.01 0 2140.02
287 299 1 1 1 0 0 0 227422 151 150 151 150 32|2140.03 0 2140.04
287 299 1 1 1 0 0 0 227425 151 150 151 150 32|2140.07 0 2140.07
287 299 1 1 1 0 0 0 227426 151 150 151 150 32|2140.14 0 2140.15
287 299 1 1 1 0 0 0 227427 151 150 151 150 32|2140.17 0 2140.17
287 299 1 1 1 0 0 0 227429 151 150 151 150 32|2141.14 0 2141.16
287 299 1 1 1 0 0 0 227430 151 150 151 150 32|2141.21 0 2141.23
287 299 1 1 1 0 0 0 227432 151 150 151 150 32|2141.46 0 2141.47
287 299 1 1 1 0 0 0 227434 151 150 151 150 32|2141.50 0 2141.51
287 299 1 1 1 0 0 0 227436 151 150 151 150 32|2141.52 0 2141.53
287 299 1 1 1 0 0 0 227442 151 150 151 150 32|2141.59 0 2141.60
287 299 1 1 1 0 0 0 227443 151 150 151 150 32|2141.61 0 2141.62
287 299 1 1 1 0 0 0 227447 151 150 151 150 32|2141.71 0 2141.72
287 299 1 1 1 0 0 0 227449 151 150 151 150 32|2141.75 0 2141.76
287 299 1 1 1 0 0 0 227450 151 150 151 150 32|2142.30 0 2142.32
287 299 1 1 1 0 0 0 227451 151 150 151 150 32|2142.35 0 2142.36
287 299 1 1 1 0 0 0 227467 151 150 151 150 32|2143.02 0 2143.03
287 299 1 1 1 0 0 0 227479 151 150 151 150 32|2143.05 0 2143.06
287 299 1 1 1 0 0 0 227480 151 150 151 150 32|2143.09 0 2143.10
287 299 1 1 1 0 0 0 227481 151 150 151 150 32|2143.52 0 2143.53
287 299 1 1 1 0 0 0 227482 151 150 151 150 32|2143.94 0 2143.94
287 299 1 1 1 0 0 0 227483 151 150 151 150 32|2144.53 0 2144.54
287 299 1 1 1 0 0 0 227485 151 150 151 150 32|2144.65 0 2144.66
287 299 1 1 1 0 0 0 227487 151 150 151 150 32|2144.69 0 2144.70
287 299 1 1 1 0 0 0 227490 151 150 151 150 32|2145.29 0 2145.30
287 299 1 1 1 0 0 0 227491 151 150 151 150 32|2145.34 0 2145.35
287 299 1 1 1 0 0 0 227492 151 150 151 150 32|2145.37 0 2145.37
287 299 1 1 1 0 0 0 227493 151 150 151 150 32|2145.91 0 2145.92
287 299 1 1 1 0 0 0 227494 151 150 151 150 32|2146.11 0 2146.11
287 299 1 1 1 0 0 0 227495 151 150 151 150 32|2146.70 0 2146.71
287 299 1 1 1 0 0 0 227496 151 150 151 150 32|2147.03 0 2147.04
287 299 1 1 1 0 0 0 227497 151 150 151 150 32|2148.23 0 2148.24
287 299 1 1 1 0 0 0 227498 151 150 151 150 32|2148.27 0 2148.28
287 299 1 1 1 0 0 0 227504 151 150 151 150 32|2148.29 0 2148.30
287 299 1 1 1 0 0 0 227537 151 150 151 150 32|2148.32 0 2148.33
287 299 1 1 1 0 0 0 227572 151 150 151 150 32|2148.35 0 2148.36
287 299 1 1 1 0 0 0 227587 151 150 151 150 32|2148.37 0 2148.38
287 299 1 1 1 0 0 0 227624 151 150 151 150 32|2148.40 0 2148.40
287 299 1 1 1 0 0 0 227636 151 150 151 150 32|2148.42 0 2148.42
287 299 1 1 1 0 0 0 227647 151 150 151 150 32|2148.43 0 2148.44
287 299 1 1 1 0 0 0 227648 151 150 151 150 32|2148.49 0 2148.50
287 299 1 1 1 0 0 0 227657 151 150 151 150 32|2148.51 0 2148.52
287 299 1 1 1 0 0 0 227658 151 150 151 150 32|2148.85 0 2148.86
287 299 1 1 1 0 0 0 227659 151 150 151 150 32|2149.46 0 2149.46
287 299 1 1 1 0 0 0 227662 151 150 151 150 32|2149.55 0 2149.56
287 299 1 1 1 0 0 0 227664 151 150 151 150 32|2149.64 0 2149.65
